48327 VTCC Chiang Mai Observations at 00Z 24 Apr 2021
-----------------------------------------------------------------------------
   PRES   HGHT   TEMP   DWPT   RELH   MIXR   DRCT   SKNT   THTA   THTE   THTV
    hPa     m      C      C      %    g/kg    deg   knot     K      K      K 
-----------------------------------------------------------------------------
 1000.0     58                                                               
  972.0    314   27.4   23.2     78  18.82      0      0  303.0  359.1  306.4
  947.0    544   27.8   21.8     70  17.71    273      2  305.7  359.0  308.9
  925.0    751   27.2   21.2     70  17.47    195      3  307.1  360.1  310.3
  850.0   1497   22.6   16.6     69  14.18    330      9  309.8  353.3  312.4
  790.0   2132   19.0   13.0     68  12.05    296     13  312.5  349.9  314.8
  772.0   2328   17.5   12.2     71  11.70    285     14  312.9  349.3  315.1
  700.0   3159   11.0    8.8     86  10.26    345      6  314.6  346.9  316.6
  652.0   3749    6.2    5.4     95   8.70    316      8  315.7  343.2  317.3
  618.0   4188    5.8   -2.2     56   5.30    295      9  320.1  337.5  321.1
  603.0   4389    4.2   -3.8     56   4.81    285      9  320.5  336.4  321.4
  590.0   4567    5.8  -24.2      9   0.92    276     10  324.3  327.7  324.5
  583.0   4664    5.8  -26.2      8   0.78    272     10  325.4  328.3  325.6
  579.0   4721    5.8  -24.2      9   0.94    269     10  326.1  329.6  326.3
  539.0   5299    1.4  -32.2      6   0.48    240     12  327.6  329.5  327.7
  524.0   5527   -0.3  -35.3      5   0.36    224     15  328.2  329.6  328.2
  512.0   5712   -2.0  -23.1     18   1.17    210     17  328.3  332.6  328.5
  506.0   5806   -2.9  -16.9     33   2.02    200     17  328.3  335.5  328.7
  500.0   5900   -3.7  -18.7     30   1.76    200     16  328.5  334.8  328.8
  467.0   6435   -6.5  -33.5     10   0.49    335      3  331.4  333.4  331.6
  461.0   6534   -7.3  -33.0     11   0.52      0      0  331.7  333.7  331.8
  421.0   7231  -12.6  -29.7     23   0.78    175     16  333.6  336.6  333.7
  412.0   7397  -13.9  -28.9     27   0.86    164     22  334.0  337.3  334.2
  407.0   7489  -14.1  -48.1      4   0.12    158     25  334.9  335.4  334.9
  400.0   7620  -14.9  -43.9      6   0.20    150     30  335.5  336.4  335.6
  399.0   7639  -15.1  -43.5      7   0.20    150     30  335.5  336.4  335.6
  389.0   7829  -16.9  -40.0     12   0.30    155     22  335.6  336.8  335.7
  380.0   8004  -18.6  -36.7     19   0.44    175     10  335.6  337.4  335.7
  374.0   8124  -19.7  -34.4     26   0.56    175      8  335.6  337.8  335.8
  371.0   8184  -20.3  -33.3     30   0.63    165     10  335.7  338.1  335.8
  364.0   8325  -20.7  -43.3     11   0.23    140     14  336.9  337.9  337.0
  358.0   8448  -21.1  -52.1      4   0.09    142     15  338.0  338.4  338.0
  351.0   8593  -22.0  -50.8      5   0.10    145     17  338.8  339.2  338.8
  342.0   8785  -23.1  -49.1      7   0.13    129     21  339.8  340.3  339.8
  332.0   8999  -24.9  -47.5     10   0.16    110     25  340.2  340.8  340.2
  323.0   9197  -26.6  -46.0     14   0.19    115     22  340.5  341.3  340.6
  310.0   9493  -29.1  -43.9     23   0.25    145     15  341.0  342.1  341.1
  300.0   9730  -31.1  -42.1     33   0.32    110     16  341.4  342.7  341.5
  292.0   9921  -32.3  -41.3     40   0.35     88     20  342.4  343.8  342.4
  291.0   9946  -32.5  -42.0     38   0.33     85     20  342.5  343.8  342.5
  283.0  10141  -33.9  -47.9     23   0.18     60     10  343.2  344.0  343.2
  278.0  10266  -34.7  -51.6     16   0.12    345      3  343.7  344.2  343.7
  276.0  10317  -35.1  -53.1     14   0.10    313      6  343.9  344.3  343.9
  273.0  10393  -35.7                         265     10  344.1         344.1
  268.0  10520  -36.7                         265     11  344.4         344.4
  264.0  10624  -37.5                         330      5  344.7         344.7
  261.0  10703  -38.1                          30     10  344.9         344.9
  256.0  10836  -39.2                          40     24  345.3         345.3
  253.0  10918  -39.9                          25     19  345.5         345.5
  250.0  11000  -40.5                         335     15  345.7         345.7
  249.0  11027  -40.7                         300     19  345.8         345.8
  246.0  11109  -41.4                         270     35  345.9         345.9
  241.0  11247  -42.6                         260     52  346.2         346.2
  230.0  11562  -45.2                         260     37  346.8         346.8
  229.0  11591  -45.5                         260     38  346.9         346.9
  211.0  12129  -49.9                         265     53  348.3         348.3
  200.0  12480  -52.7                         255     34  349.1         349.1
  199.0  12512  -53.0                         255     34  349.2         349.2
  191.0  12770  -55.1                         255     39  349.9         349.9
  180.0  13145  -58.3                         200     33  350.8         350.8
  174.0  13359  -60.0                         210     29  351.2         351.2
  170.0  13505  -61.3                         225     31  351.5         351.5
  168.0  13580  -61.9                         225     32  351.7         351.7
  159.0  13917  -64.8                         225     35  352.3         352.3
  157.0  13994  -65.5                         223     33  352.4         352.4
  150.0  14270  -67.3                         215     27  354.0         354.0
  146.0  14430  -68.5                         210     22  354.7         354.7
  143.0  14554  -69.4                         220     18  355.2         355.2
  134.0  14939  -72.2                         275     43  356.9         356.9
  130.0  15119  -73.5                                     357.6         357.6
  129.0  15164  -73.5                                     358.4         358.4
Station information and sounding indices
                         Station identifier: VTCC
                             Station number: 48327
                           Observation time: 210424/0000
                           Station latitude: 18.78
                          Station longitude: 98.98
                          Station elevation: 314.0
                            Showalter index: -1.77
                               Lifted index: -3.73
    LIFT computed using virtual temperature: -4.72
                                SWEAT index: 233.19
                                    K index: 40.70
                         Cross totals index: 20.30
                      Vertical totals index: 26.30
                        Totals totals index: 46.60
      Convective Available Potential Energy: 2279.28
             CAPE using virtual temperature: 2505.88
                      Convective Inhibition: -127.35
             CINS using virtual temperature: -97.53
                   Level of Free Convection: 744.20
             LFCT using virtual temperature: 759.57
                     Bulk Richardson Number: 526.73
          Bulk Richardson Number using CAPV: 579.09
  Temp [K] of the Lifted Condensation Level: 293.72
Pres [hPa] of the Lifted Condensation Level: 871.32
   Equivalent potential temp [K] of the LCL: 359.22
     Mean mixed layer potential temperature: 305.53
              Mean mixed layer mixing ratio: 17.87
              1000 hPa to 500 hPa thickness: 5842.00
Precipitable water [mm] for entire sounding: 49.05